#CORES
2
1 0 0 0 
2 255 0 255

#OBJETO
12 28

2 2 1 1 1 1 1 1 2 2 1 1 2 2 2 2 1 1 2 2 1 1 1 1 1 1 2 2
2 2 1 1 1 1 1 1 2 2 1 1 2 2 2 2 1 1 2 2 2 2 1 1 1 1 2 2
2 2 1 1 1 1 1 1 2 2 1 1 1 2 2 1 1 1 2 2 2 2 1 1 1 1 2 2
2 2 1 1 1 1 1 1 2 2 1 1 1 2 2 1 1 1 2 2 1 1 2 2 1 1 2 2
2 2 1 1 1 1 1 1 2 2 1 1 1 2 2 1 1 1 2 2 1 1 2 2 1 1 2 2
2 2 1 1 1 1 1 1 2 2 1 1 1 2 2 1 1 1 2 2 1 1 1 1 2 2 2 2
2 2 1 1 2 2 1 1 2 2 1 1 1 2 2 1 1 1 2 2 1 1 1 1 2 2 2 2
2 2 1 1 2 2 1 1 2 2 1 1 1 2 2 1 1 1 2 2 1 1 1 1 1 1 2 2
2 2 2 2 2 2 2 2 2 2 1 1 1 2 2 1 1 1 2 2 1 1 1 1 1 1 2 2
2 2 2 2 2 2 2 2 2 2 1 1 1 2 2 1 1 1 2 2 1 1 1 1 1 1 2 2
2 2 1 1 1 1 1 1 2 2 1 1 2 2 2 2 1 1 2 2 1 1 1 1 1 1 2 2
2 2 1 1 1 1 1 1 2 2 1 1 2 2 2 2 1 1 2 2 1 1 1 1 1 1 2 2

